time	lat	long	vmax	64ne	64se	64sw	64nw	50ne	50se	50sw	50nw	34ne	34se	34sw	34nw	notes
0	-16.9	119.8	20.576	0	0	0	0	0	0	0	0	50	50	80	70	0
6	-17.9	119.1	20.576	0	0	0	0	0	0	0	0	50	50	80	70	0
12	-18.5	118.9	25.72	0	0	0	0	55	65	60	45	105	125	110	100	0
18	-19.1	118.6	30.864	0	0	0	0	55	65	60	45	105	125	110	100	0
24	-19	118.7	33.436	0	0	30	35	40	50	50	50	90	100	80	90	0
30	-19.1	118.6	36.008	30	30	30	35	40	50	50	50	90	100	80	90	0
36	-19.2	118.3	43.724	30	30	30	35	40	50	50	50	90	100	80	90	0
42	-19.1	118.2	61.728	30	30	30	35	40	50	50	50	90	100	80	90	0
54	-19.2	117.9	74.588	20	20	30	30	40	40	40	40	90	90	80	80	0
66	-19.6	117.8	79.732	30	20	20	30	40	50	50	40	100	90	90	90	0
78	-20.5	118	64.3	20	20	20	20	30	40	40	40	100	70	80	80	0
90	-22	118	48.868	20	20	25	20	30	40	40	40	70	70	90	90	0
114	-25.2	117.5	23.148	0	0	0	0	0	0	0	0	0	0	0	0	0
138	-26.6	117.4	15.432	0	0	0	0	0	0	0	0	0	0	0	0	0
