time	lat	long	vmax	64ne	64se	64sw	64nw	50ne	50se	50sw	50nw	34ne	34se	34sw	34nw	notes
0	-16.9	119.8	20.576	0	0	0	0	0	0	0	0	50	50	80	70	0
6	-17.9	119.1	20.576	0	0	0	0	0	0	0	0	50	50	80	70	0
12	-18.5	118.9	25.72	0	0	0	0	55	65	60	45	105	125	110	100	0
18	-19.1	118.6	30.864	0	0	0	0	55	65	60	45	105	125	110	100	0
24	-19	118.7	33.436	0	0	30	35	40	50	50	50	90	100	80	90	0
30	-19.1	118.6	36.008	30	30	30	35	40	50	50	50	90	100	80	90	0
42	-19.2	118.1	43.724	20	30	30	30	30	50	50	40	80	100	90	80	0
54	-19.3	117.6	54.012	20	30	30	30	40	50	50	40	90	90	80	90	0
66	-19.6	117.4	59.156	30	30	40	30	40	60	60	40	100	90	90	90	0
78	-20.4	117.5	61.728	20	30	30	30	40	50	50	40	90	80	80	80	0
102	-23.4	117.7	23.148	0	0	0	0	0	0	0	0	0	0	0	0	0
126	-25.8	117.8	12.86	0	0	0	0	0	0	0	0	0	0	0	0	0
