time	lat	long	vmax	64ne	64se	64sw	64nw	50ne	50se	50sw	50nw	34ne	34se	34sw	34nw	notes
0	-16.9	119.8	20.576	0	0	0	0	0	0	0	0	50	50	80	70	0
6	-17.9	119.1	20.576	0	0	0	0	0	0	0	0	50	50	80	70	0
12	-18.5	118.9	25.72	0	0	0	0	55	65	60	45	105	125	110	100	0
18	-19.1	118.6	30.864	0	0	0	0	55	65	60	45	105	125	110	100	0
24	-19	118.7	33.436	0	0	30	35	40	50	50	50	90	100	80	90	0
36	-19.2	118.2	41.152	10	10	20	30	30	30	40	40	80	90	80	80	0
48	-19.3	117.6	48.868	20	20	20	20	40	40	40	40	90	90	80	90	0
60	-19.4	117.2	56.584	20	20	30	30	40	50	50	40	90	100	90	90	0
72	-20	117.1	61.728	30	30	40	30	50	60	50	50	100	100	80	90	0
96	-22.6	117.4	28.292	0	0	0	0	0	0	0	0	0	0	0	0	0
120	-25.6	117.7	15.432	0	0	0	0	0	0	0	0	0	0	0	0	0
