time	lat	long	vmax	64ne	64se	64sw	64nw	50ne	50se	50sw	50nw	34ne	34se	34sw	34nw	notes
0	-16.9	119.8	20.576	0	0	0	0	0	0	0	0	50	50	80	70	0
6	-17.9	119.1	20.576	0	0	0	0	0	0	0	0	50	50	80	70	0
12	-18.5	118.9	25.72	0	0	0	0	55	65	60	45	105	125	110	100	0
18	-19.1	118.6	30.864	0	0	0	0	55	65	60	45	105	125	110	100	0
24	-19	118.7	33.436	0	0	30	35	40	50	50	50	90	100	80	90	0
30	-19.1	118.6	36.008	30	30	30	35	40	50	50	50	90	100	80	90	0
36	-19.2	118.3	43.724	30	30	30	35	40	50	50	50	90	100	80	90	0
42	-19.1	118.2	61.728	30	30	30	35	40	50	50	50	90	100	80	90	0
48	-19.1	118.2	64.3	30	30	30	35	40	50	50	50	90	70	80	90	0
60	-19.2	118.1	66.872	30	20	20	30	40	40	40	40	80	90	80	80	0
72	-19.6	117.8	72.016	20	20	20	20	40	40	40	30	100	90	70	80	0
84	-20.5	117.7	69.444	20	20	0	0	30	25	30	30	90	60	50	60	0
96	-22.2	117.8	33.436	0	0	0	0	0	0	0	0	0	0	0	0	0
120	-25.4	117.7	15.432	0	0	0	0	0	0	0	0	0	0	0	0	0
