time	lat	long	vmax	64ne	64se	64sw	64nw	50ne	50se	50sw	50nw	34ne	34se	34sw	34nw	notes
0	-16.9	119.8	20.576	0	0	0	0	0	0	0	0	50	50	80	70	0
6	-17.9	119.1	20.576	0	0	0	0	0	0	0	0	50	50	80	70	0
12	-18.5	118.9	25.72	0	0	0	0	55	65	60	45	105	125	110	100	0
18	-19.1	118.6	30.864	0	0	0	0	55	65	60	45	105	125	110	100	0
24	-19	118.7	33.436	0	0	30	35	40	50	50	50	90	100	80	90	0
30	-19.1	118.6	36.008	30	30	30	35	40	50	50	50	90	100	80	90	0
36	-19.2	118.3	43.724	30	30	30	35	40	50	50	50	90	100	80	90	0
42	-19.1	118.2	61.728	30	30	30	35	40	50	50	50	90	100	80	90	0
48	-19.1	118.2	64.3	30	30	30	35	40	50	50	50	90	70	80	90	0
54	-19.3	118.2	66.872	30	30	30	35	40	50	50	50	90	70	80	90	0
66	-19.8	118.2	72.016	30	30	30	30	50	50	50	50	110	100	100	90	0
78	-20.6	118.3	66.872	20	20	20	20	40	40	40	40	100	90	90	80	0
90	-22.1	118.1	41.152	20	20	0	0	50	60	50	50	100	110	100	90	0
102	-24.2	117.4	20.576	0	0	0	0	0	0	0	0	0	0	0	0	0
126	-26.4	117	15.432	0	0	0	0	0	0	0	0	0	0	0	0	0
